28e394867578f85b7855d2f9e4df951b	Stenotomus_chrysops	100.000	106	0	0	1	106	192	297	8.87e-50	196
ea364c182199815b78fc2630a9b4d6be	Pristipomoides_typus	100.000	107	0	0	1	107	31	137	2.50e-50	198
ea364c182199815b78fc2630a9b4d6be	Caesio_cuning	100.000	107	0	0	1	107	31	137	2.50e-50	198
0c345c9a2aa92abab556aa04441cf718	Brevoortia_tyrannus	100.000	106	0	0	1	106	506	611	8.87e-50	196
0c345c9a2aa92abab556aa04441cf718	Brevoortia_tyrannus	100.000	106	0	0	1	106	195	300	8.87e-50	196
0c345c9a2aa92abab556aa04441cf718	Brevoortia_tyrannus	100.000	106	0	0	1	106	159	264	8.87e-50	196
0c345c9a2aa92abab556aa04441cf718	Brevoortia_tyrannus	100.000	106	0	0	1	106	506	611	8.87e-50	196
8961e2d14d8b0510763256de80a000a2	Alosa_aestivalis	100.000	106	0	0	1	106	507	612	8.87e-50	196
8961e2d14d8b0510763256de80a000a2	Alosa_mediocris	100.000	106	0	0	1	106	507	612	8.87e-50	196
8961e2d14d8b0510763256de80a000a2	Alosa_alabamae	100.000	106	0	0	1	106	508	613	8.87e-50	196
8961e2d14d8b0510763256de80a000a2	Alosa_sapidissima	100.000	106	0	0	1	106	508	613	8.87e-50	196
8961e2d14d8b0510763256de80a000a2	Alosa_pseudoharengus	100.000	106	0	0	1	106	507	612	8.87e-50	196
8961e2d14d8b0510763256de80a000a2	Alosa_alosa	100.000	106	0	0	1	106	507	612	8.87e-50	196
8961e2d14d8b0510763256de80a000a2	Alosa_aestivalis	100.000	106	0	0	1	106	507	612	8.87e-50	196
8961e2d14d8b0510763256de80a000a2	Alosa_sapidissima	100.000	106	0	0	1	106	196	301	8.87e-50	196
8961e2d14d8b0510763256de80a000a2	Alosa_sapidissima	100.000	106	0	0	1	106	196	301	8.87e-50	196
8961e2d14d8b0510763256de80a000a2	Alosa_mediocris	100.000	106	0	0	1	106	191	296	8.87e-50	196
6a9c2d5770b6e78ca3450f62d67b08fc	Ammodytes_americanus	100.000	106	0	0	1	106	505	610	8.87e-50	196
6a9c2d5770b6e78ca3450f62d67b08fc	Ammodytes_dubius	100.000	106	0	0	1	106	505	610	8.87e-50	196
6a9c2d5770b6e78ca3450f62d67b08fc	Ammodytes_americanus	100.000	106	0	0	1	106	505	610	8.87e-50	196
6a9c2d5770b6e78ca3450f62d67b08fc	Ammodytes_dubius	100.000	106	0	0	1	106	505	610	8.87e-50	196
57e83a29cfecdba4509d02c3e9d610a3	Merluccius_bilinearis	100.000	106	0	0	1	106	193	298	8.87e-50	196
b98d245c042075fa94c4a01ffd4f9db8	Peprilus_triacanthus	100.000	106	0	0	1	106	189	294	8.87e-50	196
680475954df3011ebba1033f1b2f2a86	Prionotus_carolinus	100.000	106	0	0	1	106	187	292	8.87e-50	196
9e985443e4cd6cdec8bd0d1d325c53d9	Urophycis_tenuis	100.000	107	0	0	1	107	256	362	2.50e-50	198
9e985443e4cd6cdec8bd0d1d325c53d9	Urophycis_chuss	100.000	107	0	0	1	107	156	262	2.50e-50	198
9e985443e4cd6cdec8bd0d1d325c53d9	Urophycis_tenuis	100.000	107	0	0	1	107	156	262	2.50e-50	198
9e985443e4cd6cdec8bd0d1d325c53d9	Urophycis_regia	100.000	107	0	0	1	107	155	261	2.50e-50	198
1186c621e048e637a49024762b3750e7	Pseudopleuronectes_yokohamae	100.000	106	0	0	1	106	506	611	8.87e-50	196
1186c621e048e637a49024762b3750e7	Pseudopleuronectes_americanus	100.000	106	0	0	1	106	281	386	8.87e-50	196
1186c621e048e637a49024762b3750e7	Myzopsetta_ferruginea	100.000	106	0	0	1	106	281	386	8.87e-50	196
1186c621e048e637a49024762b3750e7	Pleuronectes_platessa	100.000	106	0	0	1	106	20	125	8.87e-50	196
1186c621e048e637a49024762b3750e7	Limanda_limanda	100.000	106	0	0	1	106	20	125	8.87e-50	196
1186c621e048e637a49024762b3750e7	Platichthys_flesus	100.000	106	0	0	1	106	20	125	8.87e-50	196
1186c621e048e637a49024762b3750e7	Limanda_limanda	100.000	106	0	0	1	106	506	611	8.87e-50	196
1186c621e048e637a49024762b3750e7	Limanda_sakhalinensis	100.000	106	0	0	1	106	191	296	8.87e-50	196
1186c621e048e637a49024762b3750e7	Limanda_sakhalinensis	100.000	106	0	0	1	106	191	296	8.87e-50	196
1186c621e048e637a49024762b3750e7	Limanda_sakhalinensis	100.000	106	0	0	1	106	191	296	8.87e-50	196
80b85e59cacd34b78608c1ae7eef2c61	Fundulus_heteroclitus	100.000	105	0	0	1	105	506	610	3.15e-49	195
80b85e59cacd34b78608c1ae7eef2c61	Fundulus_heteroclitus	100.000	105	0	0	1	105	190	294	3.15e-49	195
80b85e59cacd34b78608c1ae7eef2c61	Fundulus_heteroclitus	100.000	105	0	0	1	105	190	294	3.15e-49	195
80b85e59cacd34b78608c1ae7eef2c61	Fundulus_heteroclitus	100.000	105	0	0	1	105	190	294	3.15e-49	195
80b85e59cacd34b78608c1ae7eef2c61	Fundulus_heteroclitus	100.000	105	0	0	1	105	190	294	3.15e-49	195
80b85e59cacd34b78608c1ae7eef2c61	Fundulus_heteroclitus	100.000	105	0	0	1	105	506	610	3.15e-49	195
80b85e59cacd34b78608c1ae7eef2c61	Fundulus_heteroclitus	100.000	105	0	0	1	105	506	610	3.15e-49	195
80b85e59cacd34b78608c1ae7eef2c61	Fundulus_heteroclitus	100.000	105	0	0	1	105	506	610	3.15e-49	195
80b85e59cacd34b78608c1ae7eef2c61	Fundulus_heteroclitus	100.000	105	0	0	1	105	506	610	3.15e-49	195
80b85e59cacd34b78608c1ae7eef2c61	Fundulus_heteroclitus	100.000	105	0	0	1	105	506	610	3.15e-49	195
bcbd43d985c17b122ecef7c3c46ae4d1	Pomatomus_saltatrix	100.000	108	0	0	1	108	514	621	7.02e-51	200
bcbd43d985c17b122ecef7c3c46ae4d1	Pomatomus_saltatrix	100.000	108	0	0	1	108	445	552	7.02e-51	200
bcbd43d985c17b122ecef7c3c46ae4d1	Pomatomus_saltatrix	100.000	108	0	0	1	108	514	621	7.02e-51	200
de8339905c2655847248b3084379b474	Brevoortia_tyrannus	100.000	106	0	0	1	106	195	300	8.87e-50	196
e9d13e82268f08829d5b6cdf069a0b94	Menidia_menidia	100.000	106	0	0	1	106	508	613	8.87e-50	196
e9d13e82268f08829d5b6cdf069a0b94	Menidia_menidia	100.000	106	0	0	1	106	508	613	8.87e-50	196
e9d13e82268f08829d5b6cdf069a0b94	Menidia_menidia	100.000	106	0	0	1	106	508	613	8.87e-50	196
e9d13e82268f08829d5b6cdf069a0b94	Menidia_menidia	100.000	106	0	0	1	106	508	613	8.87e-50	196
e9d13e82268f08829d5b6cdf069a0b94	Menidia_menidia	100.000	106	0	0	1	106	508	613	8.87e-50	196
e9d13e82268f08829d5b6cdf069a0b94	Menidia_menidia	100.000	106	0	0	1	106	508	613	8.87e-50	196
e9d13e82268f08829d5b6cdf069a0b94	Menidia_menidia	100.000	106	0	0	1	106	508	613	8.87e-50	196
e9d13e82268f08829d5b6cdf069a0b94	Menidia_menidia	100.000	106	0	0	1	106	508	613	8.87e-50	196
e9d13e82268f08829d5b6cdf069a0b94	Menidia_menidia	100.000	106	0	0	1	106	508	613	8.87e-50	196
e9d13e82268f08829d5b6cdf069a0b94	Menidia_menidia	100.000	106	0	0	1	106	508	613	8.87e-50	196
975b1dbdc7405f6e27bf63893e91e0ed	Centropristis_striata	100.000	106	0	0	1	106	191	296	8.87e-50	196
ce9eaef7dda5cadced4c975e7a3c8230	Leucoraja_erinacea	100.000	112	0	0	1	112	523	634	4.40e-53	207
ce9eaef7dda5cadced4c975e7a3c8230	Leucoraja_ocellata	100.000	112	0	0	1	112	204	315	4.40e-53	207
ce9eaef7dda5cadced4c975e7a3c8230	Leucoraja_ocellata	100.000	112	0	0	1	112	204	315	4.40e-53	207
ce9eaef7dda5cadced4c975e7a3c8230	Leucoraja_ocellata	100.000	112	0	0	1	112	204	315	4.40e-53	207
ce9eaef7dda5cadced4c975e7a3c8230	Leucoraja_ocellata	100.000	112	0	0	1	112	204	315	4.40e-53	207
ce9eaef7dda5cadced4c975e7a3c8230	Leucoraja_ocellata	100.000	112	0	0	1	112	204	315	4.40e-53	207
ce9eaef7dda5cadced4c975e7a3c8230	Rajella_fyllae	100.000	112	0	0	1	112	125	236	4.40e-53	207
ce9eaef7dda5cadced4c975e7a3c8230	Leucoraja_erinacea	100.000	112	0	0	1	112	6	117	4.40e-53	207
ce9eaef7dda5cadced4c975e7a3c8230	Leucoraja_erinacea	100.000	112	0	0	1	112	523	634	4.40e-53	207
ce9eaef7dda5cadced4c975e7a3c8230	Rajella_fyllae	100.000	112	0	0	1	112	482	593	4.40e-53	207
08bd987bd944513cc896ab3b3c3eed38	Hippoglossina_oblonga	100.000	106	0	0	1	106	193	298	8.87e-50	196
8a63d772aa851473fb3224da1539870b	Tautogolabrus_adspersus	100.000	106	0	0	1	106	440	545	8.87e-50	196
d38ddf42991220b32db6fa282e77c0f5	Apeltes_quadracus	100.000	106	0	0	1	106	504	609	8.87e-50	196
d38ddf42991220b32db6fa282e77c0f5	Apeltes_quadracus	100.000	106	0	0	1	106	504	609	8.87e-50	196
272b952bfc6e84de3e33447c805a19ae	Sarda_sarda	100.000	106	0	0	1	106	508	613	8.87e-50	196
272b952bfc6e84de3e33447c805a19ae	Auxis_thazard	100.000	106	0	0	1	106	504	609	8.87e-50	196
272b952bfc6e84de3e33447c805a19ae	Auxis_rochei	100.000	106	0	0	1	106	502	607	8.87e-50	196
272b952bfc6e84de3e33447c805a19ae	Sarda_sarda	100.000	106	0	0	1	106	508	613	8.87e-50	196
272b952bfc6e84de3e33447c805a19ae	Auxis_thazard	100.000	106	0	0	1	106	1263	1368	8.87e-50	196
272b952bfc6e84de3e33447c805a19ae	Auxis_rochei	100.000	106	0	0	1	106	1373	1478	8.87e-50	196
272b952bfc6e84de3e33447c805a19ae	Auxis_thazard	100.000	106	0	0	1	106	1353	1458	8.87e-50	196
272b952bfc6e84de3e33447c805a19ae	Auxis_rochei	100.000	106	0	0	1	106	1349	1454	8.87e-50	196
272b952bfc6e84de3e33447c805a19ae	Auxis_rochei	100.000	106	0	0	1	106	506	611	8.87e-50	196
272b952bfc6e84de3e33447c805a19ae	Auxis_rochei	100.000	106	0	0	1	106	22	127	8.87e-50	196
be673ad467ff44bc0abd3bb295454550	Scophthalmus_aquosus	100.000	104	0	0	1	104	281	384	1.12e-48	193
be673ad467ff44bc0abd3bb295454550	Scophthalmus_aquosus	100.000	104	0	0	1	104	192	295	1.12e-48	193
d26fe7b35e96761f43efea7dd9e9d99f	Anguilla_rostrata	100.000	106	0	0	1	106	505	610	8.87e-50	196
d26fe7b35e96761f43efea7dd9e9d99f	Anguilla_mossambica	100.000	106	0	0	1	106	507	612	8.87e-50	196
d26fe7b35e96761f43efea7dd9e9d99f	Anguilla_malgumora	100.000	106	0	0	1	106	505	610	8.87e-50	196
d26fe7b35e96761f43efea7dd9e9d99f	Anguilla_bicolor	100.000	106	0	0	1	106	505	610	8.87e-50	196
d26fe7b35e96761f43efea7dd9e9d99f	Anguilla_bicolor	100.000	106	0	0	1	106	505	610	8.87e-50	196
d26fe7b35e96761f43efea7dd9e9d99f	Anguilla_australis	100.000	106	0	0	1	106	506	611	8.87e-50	196
d26fe7b35e96761f43efea7dd9e9d99f	Anguilla_australis	100.000	106	0	0	1	106	505	610	8.87e-50	196
d26fe7b35e96761f43efea7dd9e9d99f	Anguilla_anguilla	100.000	106	0	0	1	106	507	612	8.87e-50	196
d26fe7b35e96761f43efea7dd9e9d99f	Anguilla_rostrata	100.000	106	0	0	1	106	505	610	8.87e-50	196
d26fe7b35e96761f43efea7dd9e9d99f	Anguilla_anguilla	100.000	106	0	0	1	106	507	612	8.87e-50	196
088fe13fa02373ceebeefea46a158220	Thunnus_atlanticus	100.000	106	0	0	1	106	506	611	8.87e-50	196
088fe13fa02373ceebeefea46a158220	Thunnus_tonggol	100.000	106	0	0	1	106	506	611	8.87e-50	196
088fe13fa02373ceebeefea46a158220	Thunnus_maccoyii	100.000	106	0	0	1	106	506	611	8.87e-50	196
088fe13fa02373ceebeefea46a158220	Thunnus_albacares	100.000	106	0	0	1	106	506	611	8.87e-50	196
088fe13fa02373ceebeefea46a158220	Thunnus_obesus	100.000	106	0	0	1	106	506	611	8.87e-50	196
088fe13fa02373ceebeefea46a158220	Thunnus_thynnus	100.000	106	0	0	1	106	506	611	8.87e-50	196
088fe13fa02373ceebeefea46a158220	Thunnus_orientalis	100.000	106	0	0	1	106	506	611	8.87e-50	196
088fe13fa02373ceebeefea46a158220	Thunnus_alalunga	100.000	106	0	0	1	106	506	611	8.87e-50	196
088fe13fa02373ceebeefea46a158220	Thunnus_thynnus	100.000	106	0	0	1	106	505	610	8.87e-50	196
088fe13fa02373ceebeefea46a158220	Thunnus_thynnus	100.000	106	0	0	1	106	506	611	8.87e-50	196
90781ed131f662c3e5517f2b027624ba	Citharichthys_arctifrons	100.000	107	0	0	1	107	192	298	2.50e-50	198
90781ed131f662c3e5517f2b027624ba	Citharichthys_arctifrons	100.000	107	0	0	1	107	192	298	2.50e-50	198
65aff92c84e7e2ab8b29a4aaaf336fea	Trinectes_maculatus	100.000	106	0	0	1	106	511	616	8.87e-50	196
65aff92c84e7e2ab8b29a4aaaf336fea	Trinectes_maculatus	100.000	106	0	0	1	106	511	616	8.87e-50	196
65aff92c84e7e2ab8b29a4aaaf336fea	Trinectes_maculatus	100.000	106	0	0	1	106	447	552	8.87e-50	196
b4f42eade7a87f2cd8f3968640d83f97	Paralichthys_adspersus	100.000	106	0	0	1	106	507	612	8.87e-50	196
b4f42eade7a87f2cd8f3968640d83f97	Paralichthys_dentatus	100.000	106	0	0	1	106	506	611	8.87e-50	196
b4f42eade7a87f2cd8f3968640d83f97	Paralichthys_adspersus	100.000	106	0	0	1	106	507	612	8.87e-50	196
b4f42eade7a87f2cd8f3968640d83f97	Paralichthys_dentatus	100.000	106	0	0	1	106	506	611	8.87e-50	196
b4f42eade7a87f2cd8f3968640d83f97	Paralichthys_dentatus	100.000	106	0	0	1	106	438	543	8.87e-50	196
c73cefb2b4ac8de08ae0c68341cbb28f	Histiopterus_typus	100.000	106	0	0	1	106	510	615	8.87e-50	196
c73cefb2b4ac8de08ae0c68341cbb28f	Histiopterus_typus	100.000	106	0	0	1	106	510	615	8.87e-50	196
879319f127f42872ba2daeb54fc4135a	Gasterosteus_aculeatus	100.000	106	0	0	1	106	506	611	8.87e-50	196
879319f127f42872ba2daeb54fc4135a	Aulichthys_japonicus	100.000	106	0	0	1	106	505	610	8.87e-50	196
879319f127f42872ba2daeb54fc4135a	Gasterosteus_aculeatus	100.000	106	0	0	1	106	506	611	8.87e-50	196
879319f127f42872ba2daeb54fc4135a	Gasterosteus_aculeatus	100.000	106	0	0	1	106	506	611	8.87e-50	196
879319f127f42872ba2daeb54fc4135a	Gasterosteus_aculeatus	100.000	106	0	0	1	106	506	611	8.87e-50	196
879319f127f42872ba2daeb54fc4135a	Gasterosteus_aculeatus_aculeatus	100.000	106	0	0	1	106	437	542	8.87e-50	196
879319f127f42872ba2daeb54fc4135a	Gasterosteus_aculeatus	100.000	106	0	0	1	106	437	542	8.87e-50	196
879319f127f42872ba2daeb54fc4135a	Gasterosteus_nipponicus	100.000	106	0	0	1	106	336	441	8.87e-50	196
879319f127f42872ba2daeb54fc4135a	Gasterosteus_aculeatus	100.000	106	0	0	1	106	426	531	8.87e-50	196
879319f127f42872ba2daeb54fc4135a	Gasterosteus_aculeatus	100.000	106	0	0	1	106	21	126	8.87e-50	196
61432c8c6352f55f3267244221ae77ae	Morone_saxatilis	100.000	106	0	0	1	106	512	617	8.87e-50	196
61432c8c6352f55f3267244221ae77ae	Morone_saxatilis	100.000	106	0	0	1	106	512	617	8.87e-50	196
4a5d3d90445cc0e095b7d7c5357e71e4	Lucania_parva	100.000	105	0	0	1	105	190	294	3.15e-49	195
4a5d3d90445cc0e095b7d7c5357e71e4	Lucania_parva	100.000	105	0	0	1	105	190	294	3.15e-49	195
ef311a4fd2c77c6824ceb22df6df37fc	Fundulus_majalis	100.000	105	0	0	1	105	190	294	3.15e-49	195
2c9521bc9659f75133d08270bc0050e0	Cololabis_saira	100.000	106	0	0	1	106	506	611	8.87e-50	196
2c9521bc9659f75133d08270bc0050e0	Cololabis_saira	100.000	106	0	0	1	106	506	611	8.87e-50	196
2c9521bc9659f75133d08270bc0050e0	Cololabis_saira	100.000	101	0	0	6	106	1	101	5.34e-47	187
c9bb5d5fc530c1dca2f73a53bb77141c	Gadus_morhua	100.000	106	0	0	1	106	511	616	8.87e-50	196
c9bb5d5fc530c1dca2f73a53bb77141c	Gadus_macrocephalus	100.000	106	0	0	1	106	511	616	8.87e-50	196
c9bb5d5fc530c1dca2f73a53bb77141c	Arctogadus_glacialis	100.000	106	0	0	1	106	512	617	8.87e-50	196
c9bb5d5fc530c1dca2f73a53bb77141c	Merlangius_merlangus	100.000	106	0	0	1	106	512	617	8.87e-50	196
c9bb5d5fc530c1dca2f73a53bb77141c	Gadus_chalcogrammus	100.000	106	0	0	1	106	512	617	8.87e-50	196
c9bb5d5fc530c1dca2f73a53bb77141c	Gadus_morhua	100.000	106	0	0	1	106	511	616	8.87e-50	196
c9bb5d5fc530c1dca2f73a53bb77141c	Gadus_morhua	100.000	106	0	0	1	106	511	616	8.87e-50	196
c9bb5d5fc530c1dca2f73a53bb77141c	Gadus_chalcogrammus	100.000	106	0	0	1	106	512	617	8.87e-50	196
c9bb5d5fc530c1dca2f73a53bb77141c	Gadus_chalcogrammus	100.000	106	0	0	1	106	512	617	8.87e-50	196
c9bb5d5fc530c1dca2f73a53bb77141c	Gadus_chalcogrammus	100.000	106	0	0	1	106	512	617	8.87e-50	196
ec908fe3105b9eb1c7c94a72436e241e	Menidia_beryllina	100.000	106	0	0	1	106	190	295	8.87e-50	196
7ec4dbc3399f639d994fdc65a1b6810e	Tautoga_onitis	100.000	106	0	0	1	106	191	296	8.87e-50	196
7ec4dbc3399f639d994fdc65a1b6810e	Tautoga_onitis	100.000	106	0	0	1	106	191	296	8.87e-50	196
7ec4dbc3399f639d994fdc65a1b6810e	Tautoga_onitis	100.000	106	0	0	1	106	457	562	8.87e-50	196
7ec4dbc3399f639d994fdc65a1b6810e	Tautoga_onitis	100.000	106	0	0	1	106	438	543	8.87e-50	196
59453101d6957faa1db440daabdf7697	Bathytoshia_centroura	100.000	110	0	0	1	110	203	312	5.56e-52	204
59453101d6957faa1db440daabdf7697	Bathytoshia_centroura	100.000	110	0	0	1	110	203	312	5.56e-52	204
59453101d6957faa1db440daabdf7697	Bathytoshia_centroura	100.000	110	0	0	1	110	203	312	5.56e-52	204
59453101d6957faa1db440daabdf7697	Bathytoshia_centroura	100.000	110	0	0	1	110	203	312	5.56e-52	204
59453101d6957faa1db440daabdf7697	Bathytoshia_centroura	100.000	110	0	0	1	110	194	303	5.56e-52	204
f41b0577867ccc809ec69c22b8fdbf38	Squalus_acanthias	100.000	105	0	0	1	105	519	623	3.15e-49	195
f41b0577867ccc809ec69c22b8fdbf38	Squalus_brevirostris	100.000	105	0	0	1	105	519	623	3.15e-49	195
f41b0577867ccc809ec69c22b8fdbf38	Squalus_montalbani	100.000	105	0	0	1	105	519	623	3.15e-49	195
f41b0577867ccc809ec69c22b8fdbf38	Squalus_acanthias	100.000	105	0	0	1	105	519	623	3.15e-49	195
f41b0577867ccc809ec69c22b8fdbf38	Squalus_acanthias	100.000	105	0	0	1	105	199	303	3.15e-49	195
f41b0577867ccc809ec69c22b8fdbf38	Squalus_brevirostris	100.000	105	0	0	1	105	519	623	3.15e-49	195
f41b0577867ccc809ec69c22b8fdbf38	Squalus_montalbani	100.000	105	0	0	1	105	519	623	3.15e-49	195
df263dae379496c7e522db8a7dbc01c9	Scomber_scombrus	100.000	107	0	0	1	107	507	613	2.50e-50	198
df263dae379496c7e522db8a7dbc01c9	Scomber_scombrus	100.000	107	0	0	1	107	20	126	2.50e-50	198
df263dae379496c7e522db8a7dbc01c9	Scomber_scombrus	100.000	107	0	0	1	107	507	613	2.50e-50	198
df263dae379496c7e522db8a7dbc01c9	Scomber_scombrus	100.000	107	0	0	1	107	3	109	2.50e-50	198
df263dae379496c7e522db8a7dbc01c9	Scomber_scombrus	100.000	107	0	0	1	107	507	613	2.50e-50	198
2744f56d73d9591aa2ddedd05637bb27	Limanda_aspera	100.000	104	0	0	1	104	506	609	1.15e-48	193
2744f56d73d9591aa2ddedd05637bb27	Cleisthenes_herzensteini	100.000	104	0	0	1	104	506	609	1.15e-48	193
2744f56d73d9591aa2ddedd05637bb27	Nesiarchus_nasutus	100.000	104	0	0	1	104	506	609	1.15e-48	193
2744f56d73d9591aa2ddedd05637bb27	Hippoglossoides_elassodon	100.000	104	0	0	1	104	191	294	1.15e-48	193
2744f56d73d9591aa2ddedd05637bb27	Hippoglossoides_elassodon	100.000	104	0	0	1	104	191	294	1.15e-48	193
2744f56d73d9591aa2ddedd05637bb27	Hippoglossoides_elassodon	100.000	104	0	0	1	104	191	294	1.15e-48	193
2744f56d73d9591aa2ddedd05637bb27	Hippoglossoides_elassodon	100.000	104	0	0	1	104	191	294	1.15e-48	193
2744f56d73d9591aa2ddedd05637bb27	Cleisthenes_herzensteini	100.000	104	0	0	1	104	506	609	1.15e-48	193
2744f56d73d9591aa2ddedd05637bb27	Limanda_aspera	100.000	104	0	0	1	104	506	609	1.15e-48	193
2744f56d73d9591aa2ddedd05637bb27	Nesiarchus_nasutus	100.000	104	0	0	1	104	506	609	1.15e-48	193
30a623f128fb722f5fc16dbb86582d53	Sprattus_sprattus	100.000	106	0	0	1	106	509	614	8.87e-50	196
30a623f128fb722f5fc16dbb86582d53	Clupea_pallasii	100.000	106	0	0	1	106	508	613	8.87e-50	196
30a623f128fb722f5fc16dbb86582d53	Sprattus_sprattus	100.000	106	0	0	1	106	20	125	8.87e-50	196
30a623f128fb722f5fc16dbb86582d53	Clupea_harengus	100.000	106	0	0	1	106	20	125	8.87e-50	196
30a623f128fb722f5fc16dbb86582d53	Clupea_harengus	100.000	106	0	0	1	106	1	106	8.87e-50	196
30a623f128fb722f5fc16dbb86582d53	Sprattus_sprattus	100.000	106	0	0	1	106	1	106	8.87e-50	196
30a623f128fb722f5fc16dbb86582d53	Clupea_harengus	100.000	106	0	0	1	106	508	613	8.87e-50	196
30a623f128fb722f5fc16dbb86582d53	Sprattus_sprattus	100.000	106	0	0	1	106	509	614	8.87e-50	196
30a623f128fb722f5fc16dbb86582d53	Clupea_harengus	100.000	106	0	0	1	106	508	613	8.87e-50	196
30a623f128fb722f5fc16dbb86582d53	Clupea_harengus	100.000	106	0	0	1	106	508	613	8.87e-50	196
494e2c33bcfc72935415f474b3f47443	Lepophidium_profundorum	100.000	101	0	0	1	101	125	225	5.01e-47	187
494e2c33bcfc72935415f474b3f47443	Lepophidium_profundorum	100.000	101	0	0	1	101	125	225	5.01e-47	187
a4d945d1dcb107235ad37de2408c5919	Cyprinodon_variegatus	100.000	106	0	0	1	106	506	611	8.87e-50	196
a4d945d1dcb107235ad37de2408c5919	Cyprinodon_variegatus	100.000	106	0	0	1	106	506	611	8.87e-50	196
a4d945d1dcb107235ad37de2408c5919	Cyprinodon_variegatus	100.000	106	0	0	1	106	506	611	8.87e-50	196
8f3be73a129834b75a062344b6b4c073	Leucoraja_erinacea	100.000	111	0	0	1	111	523	633	1.56e-52	206
8f3be73a129834b75a062344b6b4c073	Leucoraja_ocellata	100.000	111	0	0	1	111	204	314	1.56e-52	206
8f3be73a129834b75a062344b6b4c073	Leucoraja_ocellata	100.000	111	0	0	1	111	204	314	1.56e-52	206
8f3be73a129834b75a062344b6b4c073	Leucoraja_ocellata	100.000	111	0	0	1	111	204	314	1.56e-52	206
8f3be73a129834b75a062344b6b4c073	Leucoraja_ocellata	100.000	111	0	0	1	111	204	314	1.56e-52	206
8f3be73a129834b75a062344b6b4c073	Leucoraja_ocellata	100.000	111	0	0	1	111	204	314	1.56e-52	206
8f3be73a129834b75a062344b6b4c073	Rajella_fyllae	100.000	111	0	0	1	111	125	235	1.56e-52	206
8f3be73a129834b75a062344b6b4c073	Leucoraja_erinacea	100.000	111	0	0	1	111	6	116	1.56e-52	206
8f3be73a129834b75a062344b6b4c073	Leucoraja_erinacea	100.000	111	0	0	1	111	523	633	1.56e-52	206
8f3be73a129834b75a062344b6b4c073	Rajella_fyllae	100.000	111	0	0	1	111	482	592	1.56e-52	206
3caae93eaa8222d3c3c82880d1ea3d6b	Ammodytes_hexapterus	100.000	106	0	0	1	106	505	610	8.87e-50	196
3caae93eaa8222d3c3c82880d1ea3d6b	Ammodytes_hexapterus	100.000	106	0	0	1	106	505	610	8.87e-50	196
b79890f7429100176352003a2bac7881	Stenotomus_chrysops	100.000	105	0	0	2	106	193	297	3.19e-49	195
85bd207c4b50a23e29dcb87be24e6779	Conger_oceanicus	100.000	105	0	0	1	105	193	297	3.15e-49	195
85bd207c4b50a23e29dcb87be24e6779	Conger_oceanicus	100.000	105	0	0	1	105	193	297	3.15e-49	195
0cfc4cf987f9890693ad15b60a0617d0	Mustelus_canis	100.000	105	0	0	1	105	204	308	3.15e-49	195
0cfc4cf987f9890693ad15b60a0617d0	Mustelus_canis	100.000	105	0	0	1	105	204	308	3.15e-49	195
0cfc4cf987f9890693ad15b60a0617d0	Mustelus_canis	100.000	105	0	0	1	105	204	308	3.15e-49	195
0cfc4cf987f9890693ad15b60a0617d0	Mustelus_canis	100.000	105	0	0	1	105	204	308	3.15e-49	195
0cfc4cf987f9890693ad15b60a0617d0	Mustelus_canis	100.000	105	0	0	1	105	204	308	3.15e-49	195
ed00c11476e9a07d3441cb0a1073d3ab	Etropus_microstomus	100.000	107	0	0	1	107	436	542	2.50e-50	198
f953066efe8f75b799b765ee588605ee	Pristipomoides_typus	100.000	106	0	0	2	107	32	137	8.97e-50	196
f953066efe8f75b799b765ee588605ee	Caesio_cuning	100.000	106	0	0	2	107	32	137	8.97e-50	196
233903b031f5249d1d5bcc40c350c628	Gobiosoma_bosc	100.000	100	0	0	6	105	1	100	1.90e-46	185
233903b031f5249d1d5bcc40c350c628	Gobiosoma_bosc	100.000	100	0	0	6	105	1	100	1.90e-46	185
233903b031f5249d1d5bcc40c350c628	Gobiosoma_bosc	100.000	100	0	0	6	105	1	100	1.90e-46	185
233903b031f5249d1d5bcc40c350c628	Gobiosoma_bosc	100.000	100	0	0	6	105	1	100	1.90e-46	185
233903b031f5249d1d5bcc40c350c628	Gobiosoma_bosc	100.000	100	0	0	6	105	1	100	1.90e-46	185
91b3b8cc8b6e2ab89c113c181b4abda2	Brevoortia_tyrannus	100.000	105	0	0	2	106	507	611	3.19e-49	195
91b3b8cc8b6e2ab89c113c181b4abda2	Brevoortia_tyrannus	100.000	105	0	0	2	106	196	300	3.19e-49	195
91b3b8cc8b6e2ab89c113c181b4abda2	Brevoortia_tyrannus	100.000	105	0	0	2	106	160	264	3.19e-49	195
91b3b8cc8b6e2ab89c113c181b4abda2	Brevoortia_tyrannus	100.000	105	0	0	2	106	507	611	3.19e-49	195
7e06b2d16b7ec7d476ae50d1b431639b	Alosa_aestivalis	100.000	105	0	0	2	106	508	612	3.19e-49	195
7e06b2d16b7ec7d476ae50d1b431639b	Alosa_mediocris	100.000	105	0	0	2	106	508	612	3.19e-49	195
7e06b2d16b7ec7d476ae50d1b431639b	Alosa_alabamae	100.000	105	0	0	2	106	509	613	3.19e-49	195
7e06b2d16b7ec7d476ae50d1b431639b	Alosa_sapidissima	100.000	105	0	0	2	106	509	613	3.19e-49	195
7e06b2d16b7ec7d476ae50d1b431639b	Alosa_pseudoharengus	100.000	105	0	0	2	106	508	612	3.19e-49	195
7e06b2d16b7ec7d476ae50d1b431639b	Alosa_alosa	100.000	105	0	0	2	106	508	612	3.19e-49	195
7e06b2d16b7ec7d476ae50d1b431639b	Alosa_aestivalis	100.000	105	0	0	2	106	508	612	3.19e-49	195
7e06b2d16b7ec7d476ae50d1b431639b	Alosa_sapidissima	100.000	105	0	0	2	106	197	301	3.19e-49	195
7e06b2d16b7ec7d476ae50d1b431639b	Alosa_sapidissima	100.000	105	0	0	2	106	197	301	3.19e-49	195
7e06b2d16b7ec7d476ae50d1b431639b	Alosa_mediocris	100.000	105	0	0	2	106	192	296	3.19e-49	195
b601aa8c7097e2da4261351f59991d47	Gobiosoma_ginsburgi	100.000	105	0	0	1	105	190	294	3.15e-49	195
b601aa8c7097e2da4261351f59991d47	Gobiosoma_ginsburgi	100.000	105	0	0	1	105	190	294	3.15e-49	195
b601aa8c7097e2da4261351f59991d47	Gobiosoma_ginsburgi	100.000	105	0	0	1	105	190	294	3.15e-49	195
ad46f0f43a2c670f7bdf0388b0cc8c08	Carcharhinus_plumbeus	100.000	105	0	0	1	105	522	626	3.15e-49	195
ad46f0f43a2c670f7bdf0388b0cc8c08	Carcharhinus_plumbeus	100.000	105	0	0	1	105	522	626	3.15e-49	195
912785bf396173d4c55f91a117bf79f3	Prionotus_evolans	100.000	106	0	0	1	106	193	298	8.87e-50	196
2a52f7d018e355b8ac6752d8dfb7eee6	Syngnathus_fuscus	100.000	104	0	0	1	104	189	292	1.12e-48	193
4feb4cae27c142cc61d49716415710bb	Euthynnus_affinis	100.000	106	0	0	1	106	507	612	8.87e-50	196
4feb4cae27c142cc61d49716415710bb	Katsuwonus_pelamis	100.000	106	0	0	1	106	507	612	8.87e-50	196
4feb4cae27c142cc61d49716415710bb	Euthynnus_alletteratus	100.000	106	0	0	1	106	506	611	8.87e-50	196
4feb4cae27c142cc61d49716415710bb	Euthynnus_affinis	100.000	106	0	0	1	106	507	612	8.87e-50	196
4feb4cae27c142cc61d49716415710bb	Katsuwonus_pelamis	100.000	106	0	0	1	106	507	612	8.87e-50	196
4feb4cae27c142cc61d49716415710bb	Katsuwonus_pelamis	100.000	106	0	0	1	106	507	612	8.87e-50	196
4feb4cae27c142cc61d49716415710bb	Katsuwonus_pelamis	100.000	106	0	0	1	106	1360	1465	8.87e-50	196
4feb4cae27c142cc61d49716415710bb	Euthynnus_alletteratus	100.000	106	0	0	1	106	506	611	8.87e-50	196
4feb4cae27c142cc61d49716415710bb	Katsuwonus_pelamis	100.000	106	0	0	1	106	3	108	8.87e-50	196
4feb4cae27c142cc61d49716415710bb	Euthynnus_alletteratus	100.000	106	0	0	1	106	3	108	8.87e-50	196
ea68f411250fc5b479873a7b9722165e	Prionotus_carolinus	100.000	104	0	0	1	104	187	290	1.15e-48	193
c030ecad0cd0504068af5f150dc7b103	Dasycottus_setiger	100.000	106	0	0	1	106	508	613	8.87e-50	196
c030ecad0cd0504068af5f150dc7b103	Myoxocephalus_quadricornis	100.000	106	0	0	1	106	505	610	8.87e-50	196
c030ecad0cd0504068af5f150dc7b103	Gymnocanthus_tricuspis	100.000	106	0	0	1	106	506	611	8.87e-50	196
c030ecad0cd0504068af5f150dc7b103	Myoxocephalus_jaok	100.000	106	0	0	1	106	506	611	8.87e-50	196
c030ecad0cd0504068af5f150dc7b103	Cottiusculus_nihonkaiensis	100.000	106	0	0	1	106	508	613	8.87e-50	196
c030ecad0cd0504068af5f150dc7b103	Myoxocephalus_scorpius	100.000	106	0	0	1	106	506	611	8.87e-50	196
c030ecad0cd0504068af5f150dc7b103	Gymnocanthus_herzensteini	100.000	106	0	0	1	106	506	611	8.87e-50	196
c030ecad0cd0504068af5f150dc7b103	Gymnocanthus_intermedius	100.000	106	0	0	1	106	507	612	8.87e-50	196
c030ecad0cd0504068af5f150dc7b103	Icelus_spatula	100.000	106	0	0	1	106	505	610	8.87e-50	196
c030ecad0cd0504068af5f150dc7b103	Enophrys_diceraus	100.000	106	0	0	1	106	506	611	8.87e-50	196
57e36afa35cdd4eb926e45fe6cd010fa	Anguilla_rostrata	100.000	105	0	0	2	106	506	610	3.19e-49	195
57e36afa35cdd4eb926e45fe6cd010fa	Anguilla_mossambica	100.000	105	0	0	2	106	508	612	3.19e-49	195
57e36afa35cdd4eb926e45fe6cd010fa	Anguilla_malgumora	100.000	105	0	0	2	106	506	610	3.19e-49	195
57e36afa35cdd4eb926e45fe6cd010fa	Anguilla_bicolor	100.000	105	0	0	2	106	506	610	3.19e-49	195
57e36afa35cdd4eb926e45fe6cd010fa	Anguilla_bicolor	100.000	105	0	0	2	106	506	610	3.19e-49	195
57e36afa35cdd4eb926e45fe6cd010fa	Anguilla_australis	100.000	105	0	0	2	106	507	611	3.19e-49	195
57e36afa35cdd4eb926e45fe6cd010fa	Anguilla_australis	100.000	105	0	0	2	106	506	610	3.19e-49	195
57e36afa35cdd4eb926e45fe6cd010fa	Anguilla_anguilla	100.000	105	0	0	2	106	508	612	3.19e-49	195
57e36afa35cdd4eb926e45fe6cd010fa	Anguilla_rostrata	100.000	105	0	0	2	106	506	610	3.19e-49	195
57e36afa35cdd4eb926e45fe6cd010fa	Anguilla_anguilla	100.000	105	0	0	2	106	508	612	3.19e-49	195
8b8c58598b9195c46b3d8c5633ee4004	Ammodytes_americanus	100.000	105	0	0	2	106	506	610	3.19e-49	195
8b8c58598b9195c46b3d8c5633ee4004	Ammodytes_dubius	100.000	105	0	0	2	106	506	610	3.19e-49	195
8b8c58598b9195c46b3d8c5633ee4004	Ammodytes_americanus	100.000	105	0	0	2	106	506	610	3.19e-49	195
8b8c58598b9195c46b3d8c5633ee4004	Ammodytes_dubius	100.000	105	0	0	2	106	506	610	3.19e-49	195
71e6056a57e47b60dd5761bbb7128e57	Eumesogrammus_praecisus	100.000	106	0	0	1	106	281	386	8.87e-50	196
71e6056a57e47b60dd5761bbb7128e57	Peristedion_miniatum	100.000	106	0	0	1	106	192	297	8.87e-50	196
71e6056a57e47b60dd5761bbb7128e57	Peristedion_miniatum	100.000	106	0	0	1	106	192	297	8.87e-50	196
71e6056a57e47b60dd5761bbb7128e57	Ulvaria_subbifurcata	100.000	106	0	0	1	106	192	297	8.87e-50	196
71e6056a57e47b60dd5761bbb7128e57	Ulvaria_subbifurcata	100.000	106	0	0	1	106	192	297	8.87e-50	196
5def6094297b73ea66839e07c98f7698	Merluccius_bilinearis	100.000	105	0	0	2	106	194	298	3.19e-49	195
fff74398dce71dd620dee7575a1349bb	Merluccius_bilinearis	100.000	105	0	0	1	105	193	297	3.23e-49	195
bf17f4c4e79ba32d6ae63926950fef27	Alopias_vulpinus	100.000	105	0	0	1	105	521	625	3.15e-49	195
bf17f4c4e79ba32d6ae63926950fef27	Alopias_vulpinus	100.000	105	0	0	1	105	521	625	3.15e-49	195
bf17f4c4e79ba32d6ae63926950fef27	Alopias_vulpinus	100.000	105	0	0	1	105	521	625	3.15e-49	195
bf17f4c4e79ba32d6ae63926950fef27	Alopias_vulpinus	100.000	105	0	0	1	105	489	593	3.15e-49	195
3263823015a44ae565e2a900fd06ab34	Menidia_menidia	100.000	104	0	0	3	106	510	613	1.15e-48	193
3263823015a44ae565e2a900fd06ab34	Menidia_menidia	100.000	104	0	0	3	106	510	613	1.15e-48	193
3263823015a44ae565e2a900fd06ab34	Menidia_menidia	100.000	104	0	0	3	106	510	613	1.15e-48	193
3263823015a44ae565e2a900fd06ab34	Menidia_menidia	100.000	104	0	0	3	106	510	613	1.15e-48	193
3263823015a44ae565e2a900fd06ab34	Menidia_menidia	100.000	104	0	0	3	106	510	613	1.15e-48	193
3263823015a44ae565e2a900fd06ab34	Menidia_menidia	100.000	104	0	0	3	106	510	613	1.15e-48	193
3263823015a44ae565e2a900fd06ab34	Menidia_menidia	100.000	104	0	0	3	106	510	613	1.15e-48	193
3263823015a44ae565e2a900fd06ab34	Menidia_menidia	100.000	104	0	0	3	106	510	613	1.15e-48	193
3263823015a44ae565e2a900fd06ab34	Menidia_menidia	100.000	104	0	0	3	106	510	613	1.15e-48	193
3263823015a44ae565e2a900fd06ab34	Menidia_menidia	100.000	104	0	0	3	106	510	613	1.15e-48	193
fa5806fdef0daf48e87333a872f06034	Prionotus_carolinus	100.000	105	0	0	2	106	188	292	3.19e-49	195
dd4051eb917b90f2a5a500d607566fa9	Peprilus_triacanthus	100.000	105	0	0	2	106	190	294	3.19e-49	195
dc341e69ec40b8f218229c0193f9e139	Pristipomoides_typus	100.000	105	0	0	3	107	33	137	3.23e-49	195
dc341e69ec40b8f218229c0193f9e139	Caesio_cuning	100.000	105	0	0	3	107	33	137	3.23e-49	195
bae49dfe40cd2cea7f95cf69076002f3	Sphoeroides_dorsalis	100.000	106	0	0	1	106	439	544	8.87e-50	196
b482cfb3fb1a4b2ee313b04c480960a4	Fundulus_heteroclitus	100.000	104	0	0	2	105	507	610	1.13e-48	193
b482cfb3fb1a4b2ee313b04c480960a4	Fundulus_heteroclitus	100.000	104	0	0	2	105	191	294	1.13e-48	193
b482cfb3fb1a4b2ee313b04c480960a4	Fundulus_heteroclitus	100.000	104	0	0	2	105	191	294	1.13e-48	193
b482cfb3fb1a4b2ee313b04c480960a4	Fundulus_heteroclitus	100.000	104	0	0	2	105	191	294	1.13e-48	193
b482cfb3fb1a4b2ee313b04c480960a4	Fundulus_heteroclitus	100.000	104	0	0	2	105	191	294	1.13e-48	193
b482cfb3fb1a4b2ee313b04c480960a4	Fundulus_heteroclitus	100.000	104	0	0	2	105	507	610	1.13e-48	193
b482cfb3fb1a4b2ee313b04c480960a4	Fundulus_heteroclitus	100.000	104	0	0	2	105	507	610	1.13e-48	193
b482cfb3fb1a4b2ee313b04c480960a4	Fundulus_heteroclitus	100.000	104	0	0	2	105	507	610	1.13e-48	193
b482cfb3fb1a4b2ee313b04c480960a4	Fundulus_heteroclitus	100.000	104	0	0	2	105	507	610	1.13e-48	193
b482cfb3fb1a4b2ee313b04c480960a4	Fundulus_heteroclitus	100.000	104	0	0	2	105	507	610	1.13e-48	193
f45032e0f0edf5f66db8645c3da521af	Menidia_menidia	100.000	105	0	0	2	106	509	613	3.19e-49	195
f45032e0f0edf5f66db8645c3da521af	Menidia_menidia	100.000	105	0	0	2	106	509	613	3.19e-49	195
f45032e0f0edf5f66db8645c3da521af	Menidia_menidia	100.000	105	0	0	2	106	509	613	3.19e-49	195
f45032e0f0edf5f66db8645c3da521af	Menidia_menidia	100.000	105	0	0	2	106	509	613	3.19e-49	195
f45032e0f0edf5f66db8645c3da521af	Menidia_menidia	100.000	105	0	0	2	106	509	613	3.19e-49	195
f45032e0f0edf5f66db8645c3da521af	Menidia_menidia	100.000	105	0	0	2	106	509	613	3.19e-49	195
f45032e0f0edf5f66db8645c3da521af	Menidia_menidia	100.000	105	0	0	2	106	509	613	3.19e-49	195
f45032e0f0edf5f66db8645c3da521af	Menidia_menidia	100.000	105	0	0	2	106	509	613	3.19e-49	195
f45032e0f0edf5f66db8645c3da521af	Menidia_menidia	100.000	105	0	0	2	106	509	613	3.19e-49	195
f45032e0f0edf5f66db8645c3da521af	Menidia_menidia	100.000	105	0	0	2	106	509	613	3.19e-49	195
0ab9662d76fa449373c081aafc16f14a	Menidia_menidia	100.000	104	0	0	1	104	508	611	1.15e-48	193
0ab9662d76fa449373c081aafc16f14a	Menidia_menidia	100.000	104	0	0	1	104	508	611	1.15e-48	193
0ab9662d76fa449373c081aafc16f14a	Menidia_menidia	100.000	104	0	0	1	104	508	611	1.15e-48	193
0ab9662d76fa449373c081aafc16f14a	Menidia_menidia	100.000	104	0	0	1	104	508	611	1.15e-48	193
0ab9662d76fa449373c081aafc16f14a	Menidia_menidia	100.000	104	0	0	1	104	508	611	1.15e-48	193
0ab9662d76fa449373c081aafc16f14a	Menidia_menidia	100.000	104	0	0	1	104	508	611	1.15e-48	193
0ab9662d76fa449373c081aafc16f14a	Menidia_menidia	100.000	104	0	0	1	104	508	611	1.15e-48	193
0ab9662d76fa449373c081aafc16f14a	Menidia_menidia	100.000	104	0	0	1	104	508	611	1.15e-48	193
0ab9662d76fa449373c081aafc16f14a	Menidia_menidia	100.000	104	0	0	1	104	508	611	1.15e-48	193
0ab9662d76fa449373c081aafc16f14a	Menidia_menidia	100.000	104	0	0	1	104	508	611	1.15e-48	193
98e2c208875fe311c184471160082878	Apeltes_quadracus	100.000	107	0	0	1	107	503	609	2.50e-50	198
98e2c208875fe311c184471160082878	Apeltes_quadracus	100.000	107	0	0	1	107	503	609	2.50e-50	198
d66441776b9986f2d4a95cf5895dc693	Pristipomoides_typus	100.000	104	0	0	1	104	31	134	1.16e-48	193
d66441776b9986f2d4a95cf5895dc693	Caesio_cuning	100.000	104	0	0	1	104	31	134	1.16e-48	193
5383aabf1cf2376e60802ee68be7fe22	Mallotus_villosus	100.000	106	0	0	1	106	504	609	8.87e-50	196
5383aabf1cf2376e60802ee68be7fe22	Mallotus_villosus	100.000	106	0	0	1	106	127	232	8.87e-50	196
5383aabf1cf2376e60802ee68be7fe22	Mallotus_villosus	100.000	106	0	0	1	106	504	609	8.87e-50	196
76d87af44706817adcf635b427d64983	Alosa_aestivalis	100.000	104	0	0	3	106	509	612	1.15e-48	193
76d87af44706817adcf635b427d64983	Alosa_mediocris	100.000	104	0	0	3	106	509	612	1.15e-48	193
76d87af44706817adcf635b427d64983	Alosa_alabamae	100.000	104	0	0	3	106	510	613	1.15e-48	193
76d87af44706817adcf635b427d64983	Alosa_sapidissima	100.000	104	0	0	3	106	510	613	1.15e-48	193
76d87af44706817adcf635b427d64983	Alosa_pseudoharengus	100.000	104	0	0	3	106	509	612	1.15e-48	193
76d87af44706817adcf635b427d64983	Alosa_alosa	100.000	104	0	0	3	106	509	612	1.15e-48	193
76d87af44706817adcf635b427d64983	Alosa_aestivalis	100.000	104	0	0	3	106	509	612	1.15e-48	193
76d87af44706817adcf635b427d64983	Alosa_sapidissima	100.000	104	0	0	3	106	198	301	1.15e-48	193
76d87af44706817adcf635b427d64983	Alosa_sapidissima	100.000	104	0	0	3	106	198	301	1.15e-48	193
76d87af44706817adcf635b427d64983	Alosa_mediocris	100.000	104	0	0	3	106	193	296	1.15e-48	193
ac3d4acf02381190b2e965d9581d94de	Ammodytes_americanus	100.000	105	0	0	2	106	506	610	3.19e-49	195
ac3d4acf02381190b2e965d9581d94de	Ammodytes_dubius	100.000	105	0	0	2	106	506	610	3.19e-49	195
ac3d4acf02381190b2e965d9581d94de	Ammodytes_americanus	100.000	105	0	0	2	106	506	610	3.19e-49	195
ac3d4acf02381190b2e965d9581d94de	Ammodytes_dubius	100.000	105	0	0	2	106	506	610	3.19e-49	195
b065c5e0051d30f0cb40d3978e56dc66	Peprilus_triacanthus	100.000	104	0	0	3	106	191	294	1.15e-48	193
76c80e29dc79af804d62cefec0a5b90d	Brevoortia_tyrannus	100.000	105	0	0	2	106	507	611	3.19e-49	195
76c80e29dc79af804d62cefec0a5b90d	Brevoortia_tyrannus	100.000	105	0	0	2	106	196	300	3.19e-49	195
76c80e29dc79af804d62cefec0a5b90d	Brevoortia_tyrannus	100.000	105	0	0	2	106	160	264	3.19e-49	195
76c80e29dc79af804d62cefec0a5b90d	Brevoortia_tyrannus	100.000	105	0	0	2	106	507	611	3.19e-49	195
71bc8b5ec87020839bfe73a0d22ad05d	Sarda_sarda	100.000	103	0	0	1	103	508	610	4.13e-48	191
71bc8b5ec87020839bfe73a0d22ad05d	Auxis_thazard	100.000	103	0	0	1	103	504	606	4.13e-48	191
71bc8b5ec87020839bfe73a0d22ad05d	Auxis_rochei	100.000	103	0	0	1	103	502	604	4.13e-48	191
71bc8b5ec87020839bfe73a0d22ad05d	Sarda_sarda	100.000	103	0	0	1	103	508	610	4.13e-48	191
71bc8b5ec87020839bfe73a0d22ad05d	Auxis_thazard	100.000	103	0	0	1	103	1263	1365	4.13e-48	191
71bc8b5ec87020839bfe73a0d22ad05d	Auxis_rochei	100.000	103	0	0	1	103	1373	1475	4.13e-48	191
71bc8b5ec87020839bfe73a0d22ad05d	Auxis_thazard	100.000	103	0	0	1	103	1353	1455	4.13e-48	191
71bc8b5ec87020839bfe73a0d22ad05d	Auxis_rochei	100.000	103	0	0	1	103	1349	1451	4.13e-48	191
71bc8b5ec87020839bfe73a0d22ad05d	Auxis_rochei	100.000	103	0	0	1	103	506	608	4.13e-48	191
71bc8b5ec87020839bfe73a0d22ad05d	Auxis_rochei	100.000	103	0	0	1	103	22	124	4.13e-48	191
fe123eac252fb356e6ddd6ebd8728862	Sarda_sarda	100.000	105	0	0	2	106	509	613	3.19e-49	195
fe123eac252fb356e6ddd6ebd8728862	Auxis_thazard	100.000	105	0	0	2	106	505	609	3.19e-49	195
fe123eac252fb356e6ddd6ebd8728862	Auxis_rochei	100.000	105	0	0	2	106	503	607	3.19e-49	195
fe123eac252fb356e6ddd6ebd8728862	Sarda_sarda	100.000	105	0	0	2	106	509	613	3.19e-49	195
fe123eac252fb356e6ddd6ebd8728862	Auxis_thazard	100.000	105	0	0	2	106	1264	1368	3.19e-49	195
fe123eac252fb356e6ddd6ebd8728862	Auxis_rochei	100.000	105	0	0	2	106	1374	1478	3.19e-49	195
fe123eac252fb356e6ddd6ebd8728862	Auxis_thazard	100.000	105	0	0	2	106	1354	1458	3.19e-49	195
fe123eac252fb356e6ddd6ebd8728862	Auxis_rochei	100.000	105	0	0	2	106	1350	1454	3.19e-49	195
fe123eac252fb356e6ddd6ebd8728862	Auxis_rochei	100.000	105	0	0	2	106	507	611	3.19e-49	195
fe123eac252fb356e6ddd6ebd8728862	Auxis_rochei	100.000	105	0	0	2	106	23	127	3.19e-49	195
565faaf311255e6253e5941fc7cbde17	Histiopterus_typus	100.000	105	0	0	2	106	511	615	3.19e-49	195
565faaf311255e6253e5941fc7cbde17	Histiopterus_typus	100.000	105	0	0	2	106	511	615	3.19e-49	195
3f8f5cde2301cdd7bb18b3548fcdb21f	Raja_pulchra	100.000	112	0	0	1	112	522	633	4.40e-53	207
3f8f5cde2301cdd7bb18b3548fcdb21f	Raja_pulchra	100.000	112	0	0	1	112	522	633	4.40e-53	207
3f8f5cde2301cdd7bb18b3548fcdb21f	Raja_pulchra	100.000	112	0	0	1	112	522	633	4.40e-53	207
3f8f5cde2301cdd7bb18b3548fcdb21f	Raja_pulchra	100.000	112	0	0	1	112	522	633	4.40e-53	207
3f8f5cde2301cdd7bb18b3548fcdb21f	Raja_pulchra	100.000	112	0	0	1	112	522	633	4.40e-53	207
3f8f5cde2301cdd7bb18b3548fcdb21f	Raja_pulchra	100.000	112	0	0	1	112	522	633	4.40e-53	207
3f8f5cde2301cdd7bb18b3548fcdb21f	Raja_pulchra	100.000	112	0	0	1	112	522	633	4.40e-53	207
3f8f5cde2301cdd7bb18b3548fcdb21f	Raja_pulchra	100.000	112	0	0	1	112	522	633	4.40e-53	207
3f8f5cde2301cdd7bb18b3548fcdb21f	Raja_pulchra	100.000	112	0	0	1	112	522	633	4.40e-53	207
3f8f5cde2301cdd7bb18b3548fcdb21f	Raja_pulchra	100.000	112	0	0	1	112	522	633	4.40e-53	207
51ba651e66f3c6568db5aa853d7e4e62	Menidia_menidia	100.000	106	0	0	1	106	508	613	8.87e-50	196
1e93cac2f8e9ed41adc213179e5318cb	Hippoglossina_oblonga	100.000	105	0	0	2	106	194	298	3.19e-49	195
16d6539c8cbb0437152524b4509bc0b6	Urophycis_floridana	100.000	107	0	0	1	107	156	262	2.50e-50	198
429109f31f0475a65ac5df0dfa51798c	Merluccius_bilinearis	100.000	105	0	0	2	106	194	298	3.19e-49	195
23d74b59eece83c4b0a1cf43f8313c62	Leucoraja_erinacea	100.000	113	0	0	1	113	523	635	1.24e-53	209
23d74b59eece83c4b0a1cf43f8313c62	Leucoraja_ocellata	100.000	113	0	0	1	113	204	316	1.24e-53	209
23d74b59eece83c4b0a1cf43f8313c62	Leucoraja_ocellata	100.000	113	0	0	1	113	204	316	1.24e-53	209
23d74b59eece83c4b0a1cf43f8313c62	Leucoraja_ocellata	100.000	113	0	0	1	113	204	316	1.24e-53	209
23d74b59eece83c4b0a1cf43f8313c62	Leucoraja_ocellata	100.000	113	0	0	1	113	204	316	1.24e-53	209
23d74b59eece83c4b0a1cf43f8313c62	Leucoraja_ocellata	100.000	113	0	0	1	113	204	316	1.24e-53	209
23d74b59eece83c4b0a1cf43f8313c62	Rajella_fyllae	100.000	113	0	0	1	113	125	237	1.24e-53	209
23d74b59eece83c4b0a1cf43f8313c62	Leucoraja_erinacea	100.000	113	0	0	1	113	6	118	1.24e-53	209
23d74b59eece83c4b0a1cf43f8313c62	Leucoraja_erinacea	100.000	113	0	0	1	113	523	635	1.24e-53	209
23d74b59eece83c4b0a1cf43f8313c62	Rajella_fyllae	100.000	113	0	0	1	113	482	594	1.24e-53	209
8c7d15440c187de3ccd68fb38f246430	Salvelinus_taranetzi	100.000	106	0	0	1	106	505	610	8.87e-50	196
8c7d15440c187de3ccd68fb38f246430	Salvethymus_svetovidovi	100.000	106	0	0	1	106	505	610	8.87e-50	196
8c7d15440c187de3ccd68fb38f246430	Salvelinus_levanidovi	100.000	106	0	0	1	106	505	610	8.87e-50	196
8c7d15440c187de3ccd68fb38f246430	Salvelinus_elgyticus	100.000	106	0	0	1	106	505	610	8.87e-50	196
8c7d15440c187de3ccd68fb38f246430	Salvelinus_boganidae	100.000	106	0	0	1	106	505	610	8.87e-50	196
8c7d15440c187de3ccd68fb38f246430	Salvelinus_fontinalis_x_Salvelinus_malma	100.000	106	0	0	1	106	505	610	8.87e-50	196
8c7d15440c187de3ccd68fb38f246430	Salvelinus_malma	100.000	106	0	0	1	106	505	610	8.87e-50	196
8c7d15440c187de3ccd68fb38f246430	Salvelinus_kuznetzovi	100.000	106	0	0	1	106	505	610	8.87e-50	196
8c7d15440c187de3ccd68fb38f246430	Salvelinus_albus	100.000	106	0	0	1	106	505	610	8.87e-50	196
8c7d15440c187de3ccd68fb38f246430	Salvelinus_curilus	100.000	106	0	0	1	106	505	610	8.87e-50	196
14f5a1d4993cbbaac9426a2ccb964d26	Lophius_americanus	100.000	106	0	0	1	106	511	616	8.87e-50	196
14f5a1d4993cbbaac9426a2ccb964d26	Lophius_americanus	100.000	106	0	0	1	106	192	297	8.87e-50	196
14f5a1d4993cbbaac9426a2ccb964d26	Lophius_americanus	100.000	106	0	0	1	106	441	546	8.87e-50	196
14f5a1d4993cbbaac9426a2ccb964d26	Lophius_americanus	100.000	106	0	0	1	106	511	616	8.87e-50	196
bcef549caf809ac4d2d2dcaba4096b93	Brevoortia_patronus	100.000	100	0	0	6	105	2	101	1.90e-46	185
bcef549caf809ac4d2d2dcaba4096b93	Brevoortia_tyrannus	100.000	100	0	0	6	105	2	101	1.90e-46	185
151fc8933fcedb1f2265e3d0b9d75010	Trinectes_maculatus	100.000	105	0	0	2	106	512	616	3.19e-49	195
151fc8933fcedb1f2265e3d0b9d75010	Trinectes_maculatus	100.000	105	0	0	2	106	512	616	3.19e-49	195
151fc8933fcedb1f2265e3d0b9d75010	Trinectes_maculatus	100.000	105	0	0	2	106	448	552	3.19e-49	195
7d88cba02c9ed51ef37f2578a41ab782	Brevoortia_patronus	100.000	101	0	0	6	106	1	101	5.34e-47	187
7d88cba02c9ed51ef37f2578a41ab782	Brevoortia_tyrannus	100.000	101	0	0	6	106	1	101	5.34e-47	187
d5fb761e72ae1416119e427d9b29fd49	Fundulus_majalis	100.000	104	0	0	2	105	191	294	1.13e-48	193
92693323f831e69117617606814ae81f	Coryphaena_hippurus	100.000	105	0	0	1	105	2	106	3.15e-49	195
92693323f831e69117617606814ae81f	Coryphaena_hippurus	100.000	105	0	0	1	105	2	106	3.15e-49	195
92693323f831e69117617606814ae81f	Coryphaena_hippurus	100.000	105	0	0	1	105	2	106	3.15e-49	195
92693323f831e69117617606814ae81f	Coryphaena_hippurus	100.000	105	0	0	1	105	438	542	3.15e-49	195
92693323f831e69117617606814ae81f	Coryphaena_hippurus	100.000	105	0	0	1	105	507	611	3.15e-49	195
92693323f831e69117617606814ae81f	Coryphaena_hippurus	100.000	104	0	0	2	105	1	104	1.13e-48	193
986f6874c3d6f338fb77833dab1b5194	Anguilla_rostrata	100.000	105	0	0	2	106	506	610	3.19e-49	195
986f6874c3d6f338fb77833dab1b5194	Anguilla_mossambica	100.000	105	0	0	2	106	508	612	3.19e-49	195
986f6874c3d6f338fb77833dab1b5194	Anguilla_malgumora	100.000	105	0	0	2	106	506	610	3.19e-49	195
986f6874c3d6f338fb77833dab1b5194	Anguilla_bicolor	100.000	105	0	0	2	106	506	610	3.19e-49	195
986f6874c3d6f338fb77833dab1b5194	Anguilla_bicolor	100.000	105	0	0	2	106	506	610	3.19e-49	195
986f6874c3d6f338fb77833dab1b5194	Anguilla_australis	100.000	105	0	0	2	106	507	611	3.19e-49	195
986f6874c3d6f338fb77833dab1b5194	Anguilla_australis	100.000	105	0	0	2	106	506	610	3.19e-49	195
986f6874c3d6f338fb77833dab1b5194	Anguilla_anguilla	100.000	105	0	0	2	106	508	612	3.19e-49	195
986f6874c3d6f338fb77833dab1b5194	Anguilla_rostrata	100.000	105	0	0	2	106	506	610	3.19e-49	195
986f6874c3d6f338fb77833dab1b5194	Anguilla_anguilla	100.000	105	0	0	2	106	508	612	3.19e-49	195
39cf888601a83f5240f1c5a959acf8c7	Ammodytes_americanus	100.000	103	0	0	1	103	505	607	4.13e-48	191
39cf888601a83f5240f1c5a959acf8c7	Ammodytes_dubius	100.000	103	0	0	1	103	505	607	4.13e-48	191
39cf888601a83f5240f1c5a959acf8c7	Ammodytes_americanus	100.000	103	0	0	1	103	505	607	4.13e-48	191
39cf888601a83f5240f1c5a959acf8c7	Ammodytes_dubius	100.000	103	0	0	1	103	505	607	4.13e-48	191
4d780165eff0994baade3111bba9f754	Lamna_nasus	100.000	105	0	0	1	105	523	627	3.15e-49	195
4d780165eff0994baade3111bba9f754	Lamna_nasus	100.000	105	0	0	1	105	523	627	3.15e-49	195
4d780165eff0994baade3111bba9f754	Lamna_nasus	100.000	105	0	0	1	105	523	627	3.15e-49	195
4d780165eff0994baade3111bba9f754	Lamna_nasus	100.000	105	0	0	1	105	494	598	3.15e-49	195
fee2621f398218422eb4d0a580669b4b	Dipturus_batis	100.000	112	0	0	1	112	523	634	4.40e-53	207
fee2621f398218422eb4d0a580669b4b	Raja_miraletus	100.000	112	0	0	1	112	523	634	4.40e-53	207
fee2621f398218422eb4d0a580669b4b	Raja_clavata	100.000	112	0	0	1	112	523	634	4.40e-53	207
fee2621f398218422eb4d0a580669b4b	Raja_polystigma	100.000	112	0	0	1	112	523	634	4.40e-53	207
fee2621f398218422eb4d0a580669b4b	Raja_asterias	100.000	112	0	0	1	112	523	634	4.40e-53	207
fee2621f398218422eb4d0a580669b4b	Raja_undulata	100.000	112	0	0	1	112	523	634	4.40e-53	207
fee2621f398218422eb4d0a580669b4b	Dipturus_batis	100.000	112	0	0	1	112	523	634	4.40e-53	207
fee2621f398218422eb4d0a580669b4b	Dipturus_laevis	100.000	112	0	0	1	112	204	315	4.40e-53	207
fee2621f398218422eb4d0a580669b4b	Raja_miraletus	100.000	112	0	0	1	112	523	634	4.40e-53	207
fee2621f398218422eb4d0a580669b4b	Raja_clavata	100.000	112	0	0	1	112	523	634	4.40e-53	207
f4a36133436b726d606a22bf90e19435	Menidia_beryllina	100.000	105	0	0	2	106	191	295	3.19e-49	195
e20ba3459c89adb98e25cfe29d83b420	Cetorhinus_maximus	100.000	105	0	0	1	105	519	623	3.15e-49	195
e20ba3459c89adb98e25cfe29d83b420	Cetorhinus_maximus	100.000	105	0	0	1	105	519	623	3.15e-49	195
e20ba3459c89adb98e25cfe29d83b420	Cetorhinus_maximus	100.000	105	0	0	1	105	518	622	3.15e-49	195
e20ba3459c89adb98e25cfe29d83b420	Cetorhinus_maximus	100.000	105	0	0	1	105	519	623	3.15e-49	195
e20ba3459c89adb98e25cfe29d83b420	Cetorhinus_maximus	100.000	105	0	0	1	105	519	623	3.15e-49	195
e20ba3459c89adb98e25cfe29d83b420	Cetorhinus_maximus	100.000	105	0	0	1	105	519	623	3.15e-49	195
e20ba3459c89adb98e25cfe29d83b420	Cetorhinus_maximus	100.000	105	0	0	1	105	519	623	3.15e-49	195
e20ba3459c89adb98e25cfe29d83b420	Cetorhinus_maximus	100.000	105	0	0	1	105	519	623	3.15e-49	195
e20ba3459c89adb98e25cfe29d83b420	Cetorhinus_maximus	100.000	105	0	0	1	105	519	623	3.15e-49	195
e20ba3459c89adb98e25cfe29d83b420	Cetorhinus_maximus	100.000	105	0	0	1	105	518	622	3.15e-49	195
4cf525c05249ccde63f0b41a9f260c95	Trinectes_maculatus	100.000	104	0	0	1	104	511	614	1.15e-48	193
4cf525c05249ccde63f0b41a9f260c95	Trinectes_maculatus	100.000	104	0	0	1	104	511	614	1.15e-48	193
4cf525c05249ccde63f0b41a9f260c95	Trinectes_maculatus	100.000	104	0	0	1	104	447	550	1.15e-48	193
98c46541b18384d910296f8876423168	Brevoortia_tyrannus	100.000	105	0	0	2	106	196	300	3.19e-49	195
