10060
101190
103582
103583
103584
103594
107022
107026
111789
1137050
1176151
118194
1192867
1225721
1231344
1262610
126683
1266862
1266880
1266881
126713
1268355
129043
13353
13677
1402070
143758
1482977
161586
172659
173042
173836
1778380
179808
182420
182855
183651
183653
183654
183656
183657
184215
184440
184919
1885022
189534
1908284
1934105
195611
195617
195623
195624
195639
195658
196075
1968931
197939
197941
202602
203314
203315
203439
210920
217026
219317
219593
223863
224707
224708
2267274
232977
235072
238744
239743
240154
243888
245694
245710
2484685
255553
2684676
269057
270564
2723861
27610
2772041
27771
279934
279951
2802932
2817218
2838337
2844939
2861201
28680
28681
287016
28743
2888780
2996720
2996727
3028731
3037478
30387
303932
3039839
3040148
3071817
30945
30960
319775
320617
329022
334371
337036
338729
34774
34787
34814
34816
35579
35669
37011
37012
37036
37039
37051
37052
372293
374848
382953
39088
39090
39293
40507
40833
411573
417956
420460
423371
433389
436290
436291
452646
455156
476914
476918
481459
48169
48683
50367
507566
56069
573213
57982
61853
630691
630692
641108
641109
641111
641117
658919
66718
69293
722640
740938
75034
75485
75875
76053
76058
7781
7782
7797
7808
7812
7823
7849
7852
7936
7938
7940
7950
79698
79784
8038
8040
8049
8068
8073
8078
8226
8227
8228
8232
8236
8237
8238
8240
8241
8472
85097
8839
8843
8845
8865
8879
8880
8887
8912
8915
90246
90247
9031
9103
9252
94395
9597
9598
9606
9612
9615
9711
9720
9728
9733
9735
9737
9739
9767
9770
9773
980339
980387
9823
9909
9913
9915
